100,'31',605,,65,1,0,8 9 10,0,95,,22,1,0,8 9 10,0,15,,31,1,0,8 9 10,0,15,,23,1,0,8 9 10,0,15,,32,1,0,8 9 10,0,55,,24,1,0,8 9 10,0,15,,25,1,0,8 9 10,0,15,,26,1,0,8 9 10,0,15,,27,1,0,8 9 10,0,55,,28,1,0,8 9 10,0,15,,29,1,0,8 9 10,0,15,,30,1,0,8 9 10,0,15,,10,1,0,11 12,0,55,,57,1,0,8 9 10,0,15,,36,1,0,8 9 10,0,15,,45,1,0,8 9 10,0,15,,11,1,0,11 12,0,55,,58,1,0,8 9 10,0,15,,37,1,0,8 9 10,0,15,,47,1,0,8 9 10,0,15,,12,1,0,8 9 10,0,55,,56,1,0,8 9 10,0,15,,40,1,0,8 9 10,0,15,,49,1,0,8 9 10,0,70,,59,1,0,8 9 10,0,15,,41,1,0,8 9 10,0,15,,46,1,0,8 9 10,0,15,,61,1,0,11 12,0,55,,60,1,0,8 9 10,0,15,,38,1,0,8 9 10,0,15,,48,1,0,8 9 10,0,70,,33,1,0,8 9 10,0,15,,39,1,0,8 9 10,0,5,,4,1,0,8 9 10,0,8,,62,1,0,8 9 10,0,2,,50,1,0,8 9 10,0,15,,5,1,0,8 9 10,0,5,,3,1,0,11 12,0,50,,6,1,0,8 9 10,0,20,,51,1,0,8 9 10,0,10,,42,1,0,8 9 10,0,10,,54,1,0,8 9 10,0,10,,52,1,0,8 9 10,0,50,,34,1,0,8 9 10,0,10,,55,1,0,8 9 10,0,5,,63,2,4,,0,5,,53,1,0,8 9 10,0,10,,43,1,0,8 9 10,0,15,,7,1,0,8 9 10,0,10,,64,1,0,8 9 10,0,45,,35,1,0,8 9 10,0,15,,8,1,0,8 9 10,0,15,,44,1,0,8 9 10,0,15,,13,1,0,8 9 10,0,55,,14,1,0,11 12,0,15,,18,1,0,11 12,0,15,,15,1,0,11 12,0,15,,19,1,0,11 12,0,55,,16,1,0,11 12,0,15,,20,1,0,11 12,0,15,,17,1,0,11 12,0,15,,21,1,0,11 12,0,70,,1,1,0,11 12,0,30,,2,1,0,11 12,0,65,,9,1,0,11 12,0
100,'32',715,,66,1,0,8 9 10,0,30,,68,1,0,11 12,0,70,,67,1,0,8 9 10,0,30,,112,1,0,11 12,0,70,,113,1,0,8 9 10,0,100,,119,1,0,8 9 10,0,30,,120,1,0,11 12,0,55,,99,1,0,8 9 10,0,15,,69,1,0,8 9 10,0,15,,88,1,0,8 9 10,0,15,,106,2,0,8 9 10,0,55,,107,2,0,8 9 10,0,15,,108,2,0,8 9 10,0,15,,109,2,0,8 9 10,0,15,,121,2,4,,0,55,,101,1,0,8 9 10,0,15,,111,1,0,8 9 10,0,15,,122,2,0,8 9 10,0,15,,123,2,0,8 9 10,0,55,,124,2,0,8 9 10,0,15,,125,2,4,,0,15,,126,2,0,8 9 10,0,15,,127,2,4,,0,55,,128,2,0,8 9 10,0,15,,129,2,4,,0,15,,138,1,0,8 9 10,0,15,,97,1,0,8 9 10,0,55,,130,2,0,8 9 10,0,15,,131,2,0,8 9 10,0,15,,132,2,0,8 9 10,0,15,,133,2,0,8 9 10,0,55,,134,2,0,8 9 10,0,15,,105,2,4,,0,15,,135,2,0,8 9 10,0,15,,136,2,0,8 9 10,0,55,,137,2,0,8 9 10,0,15,,78,1,0,8 9 10,0,15,,92,1,0,8 9 10,0,15,,87,1,0,11 12,0,55,,114,1,0,11 12,0,15,,72,1,0,11 12,0,15,,115,1,0,11 12,0,15,,73,1,0,11 12,0,55,,116,1,0,11 12,0,15,,74,1,0,11 12,0,15,,117,1,0,11 12,0,15,,75,1,0,11 12,0,55,,118,1,0,11 12,0,15,,76,1,0,11 12,0,30,,77,1,0,11 12,0,65,,79,1,0,11 12,0
100,'64',1000,,144,1,0,11 12,0,15,,691,1,0,11 12,0,15,,145,1,0,11 12,0,15,,698,1,0,11 12,0,55,,146,1,0,11 12,0,15,,699,1,0,8 9 10,0,15,,147,1,0,11 12,0,15,,700,1,0,11 12,0,55,,148,1,0,11 12,0,15,,692,1,0,8 9 10,0,15,,171,1,0,11 12,0,15,,710,1,0,11 12,0,55,,172,1,0,11 12,0,15,,695,1,0,8 9 10,0,15,,173,1,0,11 12,0,15,,694,1,0,11 12,0,55,,160,1,0,11 12,0,15,,139,1,0,8 9 10,0,15,,696,1,0,11 12,0,15,,152,1,0,11 12,0,55,,161,1,0,11 12,0,15,,153,1,0,8 9 10,0,15,,702,2,4,,0,15,,159,2,4,,0,55,,703,2,4,,0,15,,164,2,4,,0,15,,162,2,4,,0,15,,701,2,4,,0,55,,167,2,4,,0,15,,704,2,4,,0,15,,705,2,4,,0,15,,706,2,4,,0,55,,707,2,4,,0,15,,708,2,4,,0,15,,709,2,4,,0
101,'31',620,,257,14,,,0,20,,256,14,,,0,10,,191,14,4,,0,65,,192,14,4,,0,15,,193,14,4,,0,15,,194,14,4,,0,55,,195,14,4,,0,15,,196,14,4,,0,15,,197,14,4,,0,15,,198,14,4,,0,55,,199,14,4,,0,7,,190,14,4,,0,8,,200,14,4,,0,15,,201,14,4,,0,15,,202,14,4,,0,55,,203,14,4,,0,15,,204,14,4,,0,15,,205,14,4,,0,15,,206,14,4,,0,55,,207,14,4,,0,15,,208,14,4,,0,15,,209,14,4,,0,15,,210,14,4,,0,55,,211,14,4,,0,15,,212,14,4,,0,15,,213,14,4,,0,15,,214,14,4,,0,55,,215,14,4,,0,15,,216,14,4,,0,15,,217,14,4,,0,15,,218,14,4,,0,55,,219,14,4,,0,15,,220,14,4,,0,15,,221,14,4,,0,15,,222,14,4,,0,55,,223,14,4,,0,13,,253,14,4,,0,2,,224,14,4,,0,15,,225,14,4,,0,15,,226,14,4,,0,55,,227,14,4,,0,5,,254,14,4,,0,10,,228,14,4,,0,10,,255,14,4,,0,10,,229,14,4,,0,10,,230,14,4,,0,10,,231,14,4,,0,50,,232,14,4,,0,10,,233,14,4,,0,10,,234,14,4,,0,10,,235,14,4,,0,10,,236,14,4,,0,55,,237,14,4,,0,15,,238,14,4,,0,15,,239,14,4,,0,15,,240,14,4,,0,55,,241,14,4,,0,15,,243,14,4,,0,15,,247,14,4,,0,15,,244,14,4,,0,55,,248,14,4,,0,15,,245,14,4,,0,15,,249,14,4,,0,15,,246,14,4,,0,55,,250,14,4,,0,15,,242,14,4,,0,30,,251,14,4,,0,65,,252,14,4,,0
101,'32',715,,284,14,4,,0,30,,285,14,4,,0,70,,286,14,4,,0,30,,287,14,4,,0,70,,288,14,4,,0,30,,283,14,4,,0,55,,260,14,4,,0,15,,258,14,4,,0,15,,289,14,4,,0,15,,259,14,4,,0,55,,290,14,4,,0,15,,261,14,4,,0,15,,291,14,4,,0,15,,312,1,0,5,0,55,,292,14,4,,0,15,,295,14,4,,0,15,,293,14,4,,0,15,,262,14,4,,0,55,,263,14,4,,0,15,,313,1,0,5,0,15,,276,14,4,,0,15,,296,14,4,,0,55,,277,14,4,,0,15,,314,1,0,5,0,15,,278,14,4,,0,15,,315,1,0,5,0,55,,274,14,4,,0,15,,299,14,4,,0,15,,275,14,4,,0,15,,316,1,0,5,0,55,,265,14,4,,0,15,,301,14,4,,0,15,,281,14,4,,0,15,,302,14,4,,0,55,,282,14,4,,0,15,,317,1,0,5,0,15,,279,14,4,,0,15,,304,14,4,,0,55,,280,14,4,,0,15,,305,14,4,,0,15,,306,14,4,,0,15,,266,14,4,,0,55,,307,14,4,,0,15,,267,14,4,,0,15,,308,14,4,,0,15,,269,14,4,,0,55,,309,14,4,,0,15,,270,14,4,,0,15,,310,14,4,,0,15,,271,14,4,,0,55,,311,14,4,,0,15,,272,14,4,,0,30,,273,14,4,,0,65,,268,14,4,,0
101,'64',1015,,348,14,4,,0,15,,326,14,4,,0,15,,349,14,4,,0,55,,327,14,4,,0,15,,350,14,4,,0,15,,328,14,4,,0,15,,351,14,4,,0,55,,329,14,4,,0,15,,352,14,4,,0,15,,330,14,4,,0,15,,353,14,4,,0,55,,331,14,4,,0,15,,720,14,4,,0,15,,332,14,4,,0,15,,711,14,4,,0,55,,333,14,4,,0,15,,343,14,4,,0,15,,712,14,4,,0,15,,318,14,4,,0,55,,325,14,4,,0,15,,715,1,0,5,0,15,,345,1,0,5,0,15,,341,1,0,5,0,55,,163,1,0,5,0,15,,346,1,0,5,0,15,,342,1,0,5,0,15,,714,1,0,5,0,55,,347,1,0,5,0,15,,716,1,0,5,0,15,,717,1,0,5,0,15,,718,1,0,5,0,55,,186,1,0,5,0,15,,719,1,0,5,0
200,'31',715,,356,1,,,0,30,,365,1,,,0,70,,357,1,,,0,30,,366,1,,,0,70,,358,1,,,0,100,,359,1,,,0,100,,360,1,,,0,100,,361,1,,,0,100,,362,1,,,0,100,,363,1,,,0,100,,364,1,,,0,100,,367,1,,,0,30,,368,1,,,0,70,,369,1,,,0,30,,370,1,,,0,70,,371,1,,,0,100,,372,1,0,15 16 17,0,85,,376,1,0,15 16 17,0,45,,373,1,0,15 16 17,0,85,,374,1,0,15 16 17,0
200,'32',715,,377,1,,,0,100,,378,1,,,0,100,,388,1,,,0,100,,384,1,,,0,100,,385,1,,,0,100,,386,1,,,0,100,,379,1,,,0,100,,380,1,,,0,100,,387,1,,,0,100,,381,1,,,0,100,,382,1,,,0,100,,383,1,,,0
200,'64',1115,,721,1,,,0,100,,722,1,,,0,100,,723,1,,,0,100,,724,1,,,0,100,,725,1,,,0,100,,726,1,,,0,100,,727,1,,,0,100,,728,1,,,0
201,'31',715,,389,53,4,,0,30,,398,53,4,,0,70,,390,53,4,,0,30,,399,53,4,,0,70,,391,53,4,,0,100,,392,50,4,,0,100,,393,50,4,,0,100,,394,50,4,,0,100,,395,50,4,,0,100,,396,50,4,,0,100,,397,50,4,,0,100,,400,53,4,,0,30,,401,53,4,,0,70,,402,53,4,,0,30,,403,53,4,,0,70,,404,53,4,,0,100,,405,53,4,,0
201,'32',715,,406,53,4,,0,100,,407,53,4,,0,100,,408,53,4,,0,100,,415,53,4,,0,100,,411,53,4,,0,100,,412,53,4,,0,100,,416,53,4,,0,100,,413,53,4,,0,100,,414,53,4,,0,100,,417,53,4,,0,100,,409,53,4,,0,100,,410,53,4,,0
201,'64',1115,,729,54,4,,0,100,,730,54,4,,0,100,,731,54,4,,0,100,,732,54,4,,0,100,,733,54,4,,0,100,,734,54,4,,0,100,,735,54,4,,0,100,,736,54,4,,0
300,'31',715,,423,1,,,0,30,,428,1,,,0,70,,424,1,,,0,30,,429,1,,,0,70,,422,1,,,0,100,,425,1,,,0,100,,426,1,,,0,100,,427,1,,,0,100,,432,1,,,0,100,,433,1,,,0,100,,418,1,,,0,100,,419,1,,,0,30,,430,1,,,0,70,,420,1,,,0,30,,431,1,,,0,70,,421,1,,,0,100,,434,1,0,15 16 17,0,85,,438,1,0,15 16 17,0,45,,435,1,0,15 16 17,0,85,,436,1,0,15 16 17,0
300,'32',715,,439,1,,,0,100,,440,1,,,0,100,,446,1,,,0,100,,449,1,,,0,100,,450,1,,,0,100,,447,1,,,0,100,,441,1,,,0,100,,442,1,,,0,100,,448,1,,,0,100,,443,1,,,0,100,,444,1,,,0,100,,445,1,,,0
300,'64',1115,,737,1,,,0,100,,738,1,,,0,100,,739,1,,,0,100,,740,1,,,0,100,,741,1,,,0,100,,742,1,,,0,100,,743,1,,,0,100,,744,1,,,0
301,'31',715,,456,36,4,,0,30,,463,36,4,,0,70,,457,36,4,,0,30,,464,36,4,,0,70,,455,36,4,,0,100,,458,36,4,,0,100,,459,36,4,,0,100,,460,36,4,,0,100,,461,36,4,,0,100,,462,36,4,,0,100,,451,36,4,,0,100,,452,36,4,,0,30,,465,36,4,,0,70,,453,36,4,,0,30,,466,36,4,,0,70,,454,36,4,,0,100,,467,36,4,,0
301,'32',715,,469,36,4,,0,100,,470,36,4,,0,100,,471,36,4,,0,100,,476,36,4,,0,100,,479,36,4,,0,100,,480,36,4,,0,100,,477,36,4,,0,100,,472,36,4,,0,100,,473,36,4,,0,100,,478,36,4,,0,100,,474,36,4,,0,100,,475,36,4,,0
301,'64',1115,,745,36,4,,0,100,,746,36,4,,0,100,,747,36,4,,0,100,,748,36,4,,0,100,,749,36,4,,0,100,,750,36,4,,0,100,,751,36,4,,0,100,,752,36,4,,0
400,'31',1115,,486,7,4,,0,400,,487,7,4,,0
900,'31',653,,497,1,,,0,152,,498,37,4,,0,10,,510,1,0,8 9 10,0,30,,510,9,4,,0,70,,502,1,0,6,0,100,,506,1,0,6,0,100,,506,45,4,,0,100,,507,1,0,6,0,100,,507,45,4,,0,100,,508,1,0,6,0,100,,508,45,4,,0,100,,505,46,4,,0,10,,499,1,,,0,75,,501,1,,,0,20,,499,34,4,,0,5,,500,1,,,0,20,,501,34,4,,0,75,,500,34,4,,0,95,,511,1,0,6,0,30,,511,43,4,,0,170,,509,1,0,6,0,30,,509,43,4,,0
900,'32',715,,512,1,,,0,85,,512,37,,,0,115,,513,1,,,0,85,,513,37,,,0,115,,514,1,,,0,85,,514,37,,,0,215,,515,1,,,0,85,,515,37,,,0,115,,516,1,,,0,85,,516,37,,,0
1000,'31',2045,,528,1,,,0
1000,'32',815,,753,1,,,0,30,,753,21,4,,0,170,,754,1,,,0,30,,754,21,4,,0,170,,755,1,,,0,30,,755,21,4,,0,170,,756,1,,,0,30,,756,21,4,,0,100,,757,1,,,0,70,,757,21,4,,0,100,,758,1,,,0,30,,758,21,4,,0
1000,'64',1115,,759,1,,,0,30,,759,21,4,,0,100,,760,1,,,0,70,,760,21,4,,0,130,,761,1,,,0,70,,761,21,4,,0,100,,762,1,,,0,30,,762,21,4,,0,100,,763,1,,,0,70,,763,21,4,,0
1100,'31',640,,676,1,,,0,70,,676,18,4,,0,5,,677,1,,,0,30,,678,1,,,0,70,,679,1,,,0,30,,680,1,,,0,70,,681,1,,,0,30,,681,16,4,,0,70,,661,1,0,18,0,15,,661,4,4,,0,85,,682,1,,,0,30,,682,16,4,,0,70,,683,1,,,0,30,,683,16,4,,0,70,,684,1,,,0,30,,684,16,4,,0,270,,686,1,,,0,30,,686,17,4,,0,70,,685,1,,,0,30,,685,16,4,,0,300,,674,1,,,0,70,,674,18,4,,0
1100,'32',715,,764,1,,,0,30,,764,18,4,,0,100,,765,1,,,0,70,,765,17,4,,0,200,,766,1,,,0,30,,766,17,4,,0,100,,767,1,,,0,70,,767,16,4,,0,130,,768,1,,,0,70,,768,16,4,,0,100,,769,1,,,0,30,,769,16,4,,0,100,,770,1,,,0,70,,770,17,4,,0
1100,'64',1015,,771,1,,,0,30,,771,18,4,,0,100,,772,1,,,0,70,,772,17,4,,0,100,,773,1,,,0,30,,773,17,4,,0,170,,774,1,,,0,30,,774,16,4,,0,100,,775,1,,,0,70,,775,17,4,,0
1200,'31',640,,638,1,,,0,70,,638,34,4,,0,5,,639,1,,,0,30,,640,1,,,0,70,,641,1,,,0,30,,642,1,,,0,70,,642,28,4,,0,230,,643,1,,,0,70,,643,34,4,,0,30,,645,1,,,0,70,,645,31,4,,0,85,,688,1,,,0,30,,688,31,4,,0,85,,689,1,,,0,30,,690,1,,,0,70,,690,31,4,,0,30,,653,1,,,0,70,,653,31,4,,0,30,,654,31,4,,0,70,,655,31,4,,0,230,,658,1,0,5,0,70,,658,29,4,,0
1200,'32',745,,776,1,,,0,70,,776,34,4,,0,130,,777,1,,,0,70,,777,28,4,,0,130,,778,1,,,0,70,,778,34,4,,0,100,,779,1,,,0,30,,779,31,4,,0,170,,780,1,,,0,30,,780,31,4,,0,270,,781,1,,,0,30,,781,31,4,,0
1200,'64',1045,,782,1,,,0,70,,782,34,4,,0,100,,783,1,,,0,30,,783,31,4,,0,170,,784,1,,,0,30,,784,31,4,,0,100,,785,1,,,0,70,,785,31,4,,0,100,,786,1,,,0,30,,786,31,4,,0
2300,'31',715,,550,1,,,0,30,,554,1,,,0,70,,551,1,,,0,30,,555,1,,,0,70,,542,1,,,0,100,,543,1,,,0,100,,552,1,,,0,100,,553,1,,,0,100,,544,1,,,0,100,,545,1,,,0,100,,546,1,,,0,100,,547,1,,,0,30,,556,1,,,0,70,,548,1,,,0,30,,557,1,,,0,70,,549,1,,,0,100,,558,1,0,15 16 17,0,85,,562,1,0,15 16 17,0,45,,559,1,0,15 16 17,0,85,,560,1,0,15 16 17,0
2300,'32',715,,568,1,,,0,100,,569,1,,,0,100,,567,1,,,0,100,,563,1,,,0,100,,564,1,,,0,100,,565,1,,,0,100,,570,1,,,0,100,,571,1,,,0,100,,566,1,,,0,100,,573,1,,,0,100,,574,1,,,0,100,,572,1,,,0
2300,'64',1115,,787,1,,,0,100,,788,1,,,0,100,,790,1,,,0,100,,789,1,,,0,100,,791,1,,,0,100,,792,1,,,0,100,,793,1,,,0,100,,794,1,,,0
2301,'31',715,,582,37,4,,0,30,,586,37,4,,0,70,,583,37,4,,0,30,,587,37,4,,0,70,,575,37,4,,0,100,,576,37,4,,0,100,,577,37,4,,0,100,,578,37,4,,0,100,,579,37,4,,0,100,,580,37,4,,0,100,,581,37,4,,0,100,,588,37,4,,0,30,,589,37,4,,0,70,,584,37,4,,0,30,,590,37,4,,0,70,,585,37,4,,0,100,,591,40,4,,0
2301,'32',715,,597,40,4,,0,100,,598,40,4,,0,100,,599,40,4,,0,100,,600,40,4,,0,100,,593,40,4,,0,100,,594,40,4,,0,100,,595,40,4,,0,100,,601,40,4,,0,100,,602,40,4,,0,100,,596,40,4,,0,100,,603,40,4,,0,100,,604,40,4,,0
2301,'64',1115,,795,40,4,,0,100,,796,40,4,,0,100,,797,40,4,,0,100,,798,40,4,,0,100,,799,40,4,,0,100,,800,40,4,,0,100,,801,40,4,,0,100,,802,40,4,,0
11000700,'31',1630,,617,59,4,,0
11000700,'32',915,,628,59,4,,0,200,,629,59,4,,0,200,,630,59,4,,0,300,,631,59,4,,0,200,,632,59,4,,0
